2 124.17 0000000
3 161.68 0000001
4 137.27 0000002
1 181.62 0000003
1 189.14 0000004
3 101.53 0000005
2 188.25 0000006
1 171.96 0000007
5 163.11 0000008
2 118.04 0000009
3 109.13 0000010
5 145.53 0000011
2 147.85 0000012
4 168.19 0000013
4 161.77 0000014
5 112.45 0000015
4 117.03 0000016
4 135.62 0000017
1 167.87 0000018
1 181.28 0000019
2 100.06 0000020
0 100.04 0000021
1 126.43 0000022
1 148.89 0000023
4 134.55 0000024
1 132.95 0000025
0 173.48 0000026
0 174.45 0000027
1 146.00 0000028
3 165.34 0000029
5 189.04 0000030
4 187.51 0000031
2 121.04 0000032
2 156.98 0000033
1 177.77 0000034
0 147.36 0000035
3 119.69 0000036
4 140.54 0000037
0 160.69 0000038
4 148.08 0000039
2 173.01 0000040
0 126.61 0000041
3 157.04 0000042
5 121.19 0000043
2 139.51 0000044
0 183.10 0000045
1 147.26 0000046
5 185.36 0000047
0 185.95 0000048
2 188.01 0000049
4 181.49 0000050
1 106.88 0000051
2 165.16 0000052
2 111.51 0000053
5 186.01 0000054
5 150.47 0000055
5 186.69 0000056
1 148.82 0000057
3 174.04 0000058
0 170.93 0000059
3 161.86 0000060
1 126.72 0000061
4 119.61 0000062
2 109.96 0000063
0 174.28 0000064
0 142.86 0000065
0 165.85 0000066
1 157.46 0000067
3 179.38 0000068
5 181.28 0000069
2 109.94 0000070
2 150.42 0000071
2 104.51 0000072
2 177.95 0000073
5 186.47 0000074
0 127.51 0000075
0 176.57 0000076
1 162.20 0000077
4 159.97 0000078
0 107.64 0000079
0 109.34 0000080
2 113.00 0000081
1 145.22 0000082
2 116.12 0000083
3 117.13 0000084
1 114.36 0000085
1 123.87 0000086
2 156.51 0000087
5 169.68 0000088
5 154.26 0000089
4 155.50 0000090
1 119.70 0000091
3 153.75 0000092
0 171.16 0000093
1 129.61 0000094
0 157.97 0000095
0 102.75 0000096
5 184.38 0000097
3 188.48 0000098
2 164.40 0000099